1:13175
15:14188
16:18394
17:22766
18:25615
19:26014
20:23280
21:18409
18 18:23703
18 19:20766
17 16:15955
21 21:16640
18 20:13988
20 19:19515
20 18:14057
17 19:14222
17 18:19308
17 17:20783
20 20:21335
20 21:15931
16 18:12465
16 17:15895
16 16:16457
19 17:14283
19 18:20819
21 20:15971
15 15:12372
19 19:24043
18 16:12511
18 17:19287
19 20:19464
19 18 17:13711
19 18 18:19047
19 18 19:17609
17 17 18:17350
17 17 17:19095
17 17 16:14622
19 20 19:16915
18 19 20:13495
19 20 20:17593
19 17 17:12344
20 19 18:13600
17 18 19:13696
17 18 18:17823
17 18 17:15783
20 19 19:17957
16 17 17:14622
16 17 16:12463
18 19 18:17612
18 19 19:19075
21 20 21:12628
18 18 20:12310
21 20 20:14774
20 21 20:14073
20 21 21:14230
20 18 18:12365
16 16 16:14923
16 16 17:14099
18 18 19:18998
18 18 17:17778
18 18 18:22038
20 19 20:15910
17 19 19:12612
21 21 20:14231
21 21 21:15252
19 19 17:12616
19 19 18:19077
20 20 21:14807
20 20 20:19715
19 19 19:22315
17 16 16:14037
17 16 17:13990
18 17 18:16803
19 19 20:17885
18 17 17:17365
20 20 19:17674
16 16 16 16:13571
16 16 16 17:12608
18 18 19 19:17335
20 19 19 19:16563
18 19 18 18:16086
19 20 19 19:15488
20 19 19 18:12602
18 19 18 19:14371
19 18 18 19:15635
17 17 17 16:13443
17 17 18 18:15938
20 20 21 21:13148
17 18 17 17:14205
21 21 21 20:12852
17 18 17 18:13255
18 17 17 18:14706
18 18 18 17:16363
20 21 20 20:12921
19 19 20 20:16068
20 20 20 19:16101
18 18 18 18:20446
20 19 19 20:14183
16 16 17 17:12858
18 18 18 19:17445
21 21 21 21:13998
19 20 20 19:14938
18 19 19 19:17533
18 19 19 18:15729
19 20 20 20:16088
17 17 17 17:17669
19 19 18 18:17320
17 17 17 18:15738
19 19 18 19:16080
20 20 20 21:13759
20 20 20 20:18260
19 19 20 19:15508
17 18 18 18:16424
20 19 20 19:13305
17 18 18 17:14128
17 18 18 19:12690
20 21 21 20:12298
20 21 21 21:12868
18 19 19 20:12597
18 18 17 17:15919
18 17 18 17:13315
18 18 17 18:15387
18 17 18 18:15409
19 19 19 20:16523
21 21 20 20:13098
20 19 20 20:14451
16 17 17 17:13453
19 18 19 18:14478
17 17 16 16:12828
17 16 16 16:12540
19 18 19 19:16076
17 17 16 17:12714
19 19 19 19:20748
21 20 20 20:13633
18 17 17 17:15734
20 20 21 20:13023
20 20 19 19:16116
17 17 18 17:14247
19 19 19 18:17541
19 20 19 20:13302
19 18 18 17:12698
17 16 17 17:12790
19 18 18 18:17543
18 18 19 18:16081
20 20 19 20:14412
19 19 19 20 19:14281
20 20 20 20 19:14653
18 18 17 18 18:14049
19 20 20 19 19:13555
21 20 20 20 20:12566
20 20 20 20 21:12692
18 18 18 17 17:14589
20 20 20 20 20:16913
17 18 18 17 17:12644
18 18 18 17 18:14081
17 17 18 17 17:12787
20 20 19 19 20:12751
20 20 19 19 19:14735
20 20 20 19 20:13123
19 19 19 20 20:14742
18 17 17 17 17:14373
17 17 17 17 16:12317
19 20 19 19 19:14199
17 17 17 17 18:14347
17 17 17 17 17:16223
20 19 20 20 20:13179
16 16 16 16 16:12358
18 17 17 17 18:13012
18 18 19 18 18:14623
18 18 19 18 19:12939
19 18 19 18 18:12981
19 19 19 19 18:16104
18 19 19 19 18:14123
18 19 19 19 19:16124
19 19 19 19 19:19316
18 18 18 18 17:15067
18 18 18 18 18:19017
17 18 18 18 17:12661
17 18 18 18 18:15141
19 19 19 19 20:15207
16 17 17 17 17:12314
18 18 18 18 19:15993
19 18 18 18 19:13988
19 18 18 18 18:16054
18 19 19 18 18:14223
18 17 18 18 18:14172
19 19 18 19 19:14647
19 19 18 19 18:12992
18 19 19 18 19:12725
17 17 18 18 17:12652
19 19 19 18 19:14676
17 17 18 18 18:14621
19 19 19 18 18:15800
21 21 21 21 21:12945
19 19 20 19 19:14163
20 19 19 19 19:15235
18 19 18 19 19:12895
19 20 20 20 20:14712
20 20 19 20 20:13081
19 18 18 19 19:14118
18 18 18 19 19:15804
18 18 18 19 18:14692
18 19 18 18 18:14704
18 19 18 18 19:12690
20 20 20 19 19:14570
20 19 19 19 20:12717
19 18 18 19 18:12804
18 17 17 18 18:13394
17 17 17 18 17:12926
19 19 20 20 20:14618
19 19 18 18 18:15819
17 17 17 18 18:14379
19 19 18 18 19:14112
18 18 17 17 18:13366
20 19 19 20 20:12756
18 18 17 17 17:14338
17 18 17 17 17:12868
19 19 20 20 19:13586
18 18 19 19 19:15826
19 18 19 19 18:12844
19 18 19 19 19:14742
19 20 20 20 19:13295
18 18 19 19 18:14243
18 17 17 17 17 17:13043
18 18 18 18 19 19:14393
19 19 19 18 19 19:13282
18 18 18 19 18 18:13284
20 20 19 19 19 19:13488
19 18 18 18 18 19:12510
19 18 18 18 18 18:14672
18 18 19 19 19 18:12647
18 18 18 18 19 18:13396
20 20 20 20 19 19:13187
18 18 18 17 18 18:12763
19 18 18 18 19 19:12522
20 20 20 20 20 20:15634
19 19 18 18 19 19:12677
19 19 19 18 18 19:12746
18 18 19 19 19 19:14452
18 19 19 19 19 19:14776
18 19 19 19 19 18:12708
19 18 18 19 19 19:12824
19 19 19 20 20 19:12403
19 19 18 19 19 19:13393
17 17 17 17 18 18:12986
20 20 20 20 20 19:13416
18 18 18 18 18 19:14656
18 18 18 18 18 18:17613
19 19 19 20 20 20:13364
18 19 18 18 18 18:13377
20 19 19 19 19 19:13947
19 19 19 19 18 18:14432
19 19 19 19 18 19:13413
19 19 20 20 20 20:13329
18 18 17 17 17 17:12993
19 19 19 19 19 20:13974
17 17 17 18 18 18:13066
19 19 19 19 19 19:17932
18 18 18 18 18 17:13815
18 17 18 18 18 18:12935
18 19 19 18 18 18:12871
19 20 20 19 19 19:12327
18 18 19 18 18 18:13319
19 19 19 19 19 18:14831
19 20 20 20 20 20:13474
19 18 19 19 19 19:13475
19 19 19 18 18 18:14330
18 19 19 19 18 18:12667
19 20 19 19 19 19:12989
20 20 20 19 19 19:13244
18 18 17 18 18 18:12849
17 17 17 17 17 17:14896
19 19 20 19 19 19:12957
17 17 17 17 17 18:12994
19 19 19 20 19 19:12975
18 18 18 18 17 18:12861
18 18 18 18 17 17:13355
18 18 18 17 17 17:13000
19 19 19 19 20 20:13523
19 19 18 18 18 18:14361
19 19 18 18 18 19:12517
18 18 18 19 19 18:12854
18 18 18 19 19 19:14350
19 19 19 19 20 19:13021
17 17 18 18 18 18:13394
17 18 18 18 18 18:13935
18 18 19 19 18 18:12811
19 19 19 19 19 20 20:12357
19 19 19 19 19 18 18:13192
18 18 19 19 19 19 19:13188
20 20 20 20 20 20 20:14400
19 18 18 18 18 18 18:13347
17 17 17 17 17 17 17:13638
18 18 18 19 19 19 19:13047
18 18 18 18 18 18 19:13350
18 18 18 18 18 18 18:16281
18 18 18 18 18 18 17:12618
18 18 18 18 19 19 19:12987
17 18 18 18 18 18 18:12739
19 19 19 18 18 18 18:12932
19 19 18 18 18 18 18:13015
20 19 19 19 19 19 19:12800
18 19 19 19 19 19 19:13507
18 18 18 18 18 19 19:13090
19 19 19 19 19 19 20:12828
20 20 19 19 19 19 19:12307
19 19 19 19 19 19 19:16599
19 19 19 19 18 18 18:13001
19 19 19 19 19 19 18:13561
19 19 19 19 19 19 19 18:12354
18 18 18 18 18 18 18 18:14973
20 20 20 20 20 20 20 20:13318
17 17 17 17 17 17 17 17:12404
18 19 19 19 19 19 19 19:12330
19 19 19 19 19 19 19 19:15279
19 19 19 19 19 19 19 19 19:14067
18 18 18 18 18 18 18 18 18:13734
18 18 18 18 18 18 18 18 18 18:12634
19 19 19 19 19 19 19 19 19 19:12882
