1:13175
15:14188
16:18394
17:22766
18:25615
19:26014
20:23280
21:18409
18 18:23703
18 19:20766
17 16:15955
21 21:16640
18 20:13988
20 19:19515
20 18:14057
17 19:14222
17 18:19308
17 17:20783
20 20:21335
20 21:15931
16 17:15895
16 16:16457
19 17:14283
19 18:20819
21 20:15971
19 19:24043
18 17:19287
19 20:19464
19 18 17:13711
19 18 18:19047
19 18 19:17609
17 17 18:17350
17 17 17:19095
17 17 16:14622
19 20 19:16915
18 19 20:13495
19 20 20:17593
20 19 18:13600
17 18 19:13696
17 18 18:17823
17 18 17:15783
20 19 19:17957
16 17 17:14622
18 19 18:17612
18 19 19:19075
21 20 20:14774
20 21 20:14073
20 21 21:14230
16 16 16:14923
16 16 17:14099
18 18 19:18998
18 18 17:17778
18 18 18:22038
20 19 20:15910
21 21 20:14231
21 21 21:15252
19 19 18:19077
20 20 21:14807
20 20 20:19715
19 19 19:22315
17 16 16:14037
17 16 17:13990
18 17 18:16803
19 19 20:17885
18 17 17:17365
20 20 19:17674
16 16 16 16:13571
18 18 19 19:17335
20 19 19 19:16563
18 19 18 18:16086
19 20 19 19:15488
18 19 18 19:14371
19 18 18 19:15635
17 17 17 16:13443
17 17 18 18:15938
20 20 21 21:13148
17 18 17 17:14205
17 18 17 18:13255
18 17 17 18:14706
18 18 18 17:16363
19 19 20 20:16068
20 20 20 19:16101
18 18 18 18:20446
20 19 19 20:14183
18 18 18 19:17445
21 21 21 21:13998
19 20 20 19:14938
18 19 19 19:17533
18 19 19 18:15729
19 20 20 20:16088
17 17 17 17:17669
19 19 18 18:17320
17 17 17 18:15738
19 19 18 19:16080
20 20 20 21:13759
20 20 20 20:18260
19 19 20 19:15508
17 18 18 18:16424
20 19 20 19:13305
17 18 18 17:14128
18 18 17 17:15919
18 17 18 17:13315
18 18 17 18:15387
18 17 18 18:15409
19 19 19 20:16523
20 19 20 20:14451
16 17 17 17:13453
19 18 19 18:14478
19 18 19 19:16076
19 19 19 19:20748
21 20 20 20:13633
18 17 17 17:15734
20 20 19 19:16116
17 17 18 17:14247
19 19 19 18:17541
19 20 19 20:13302
19 18 18 18:17543
18 18 19 18:16081
20 20 19 20:14412
19 19 19 20 19:14281
20 20 20 20 19:14653
18 18 17 18 18:14049
19 20 20 19 19:13555
18 18 18 17 17:14589
20 20 20 20 20:16913
18 18 18 17 18:14081
20 20 19 19 19:14735
20 20 20 19 20:13123
19 19 19 20 20:14742
18 17 17 17 17:14373
19 20 19 19 19:14199
17 17 17 17 18:14347
17 17 17 17 17:16223
20 19 20 20 20:13179
18 18 19 18 18:14623
19 19 19 19 18:16104
18 19 19 19 18:14123
18 19 19 19 19:16124
19 19 19 19 19:19316
18 18 18 18 17:15067
18 18 18 18 18:19017
17 18 18 18 18:15141
19 19 19 19 20:15207
18 18 18 18 19:15993
19 18 18 18 19:13988
19 18 18 18 18:16054
18 19 19 18 18:14223
18 17 18 18 18:14172
19 19 18 19 19:14647
19 19 19 18 19:14676
17 17 18 18 18:14621
19 19 19 18 18:15800
19 19 20 19 19:14163
20 19 19 19 19:15235
19 20 20 20 20:14712
19 18 18 19 19:14118
18 18 18 19 19:15804
18 18 18 19 18:14692
18 19 18 18 18:14704
20 20 20 19 19:14570
18 17 17 18 18:13394
19 19 20 20 20:14618
19 19 18 18 18:15819
17 17 17 18 18:14379
19 19 18 18 19:14112
18 18 17 17 18:13366
18 18 17 17 17:14338
19 19 20 20 19:13586
18 18 19 19 19:15826
19 18 19 19 19:14742
19 20 20 20 19:13295
18 18 19 19 18:14243
19 19 19 19 19 20:13974
18 18 18 18 19 19:14393
19 19 19 19 19 19:17932
18 18 18 18 18 17:13815
19 19 19 18 19 19:13282
18 18 18 19 18 18:13284
20 20 19 19 19 19:13488
19 18 18 18 18 18:14672
18 18 19 18 18 18:13319
19 19 19 19 19 18:14831
19 20 20 20 20 20:13474
19 18 19 19 19 19:13475
18 18 18 18 19 18:13396
19 19 19 18 18 18:14330
20 20 20 20 19 19:13187
20 20 20 20 20 20:15634
20 20 20 19 19 19:13244
17 17 17 17 17 17:14896
18 18 18 18 17 17:13355
19 19 19 19 20 20:13523
18 18 19 19 19 19:14452
18 19 19 19 19 19:14776
19 19 18 18 18 18:14361
19 19 18 19 19 19:13393
20 20 20 20 20 19:13416
18 18 18 18 18 19:14656
18 18 18 18 18 18:17613
19 19 19 20 20 20:13364
18 19 18 18 18 18:13377
20 19 19 19 19 19:13947
19 19 19 19 18 18:14432
19 19 19 19 18 19:13413
18 18 18 19 19 19:14350
19 19 20 20 20 20:13329
17 17 18 18 18 18:13394
17 18 18 18 18 18:13935
18 19 19 19 19 19 19:13507
19 19 19 19 19 18 18:13192
18 18 19 19 19 19 19:13188
20 20 20 20 20 20 20:14400
19 18 18 18 18 18 18:13347
17 17 17 17 17 17 17:13638
18 18 18 18 18 18 19:13350
18 18 18 18 18 18 18:16281
19 19 19 19 19 19 19:16599
19 19 19 19 19 19 18:13561
18 18 18 18 18 18 18 18:14973
19 19 19 19 19 19 19 19:15279
20 20 20 20 20 20 20 20:13318
19 19 19 19 19 19 19 19 19:14067
18 18 18 18 18 18 18 18 18:13734
