15:14188
16:18394
17:22766
18:25615
19:26014
20:23280
21:18409
18 18:23703
18 19:20766
17 16:15955
21 21:16640
18 20:13988
20 19:19515
20 18:14057
17 19:14222
17 18:19308
17 17:20783
20 20:21335
20 21:15931
16 17:15895
16 16:16457
19 17:14283
19 18:20819
21 20:15971
19 19:24043
18 17:19287
19 20:19464
19 18 18:19047
19 18 19:17609
17 17 18:17350
17 17 17:19095
17 17 16:14622
19 20 19:16915
19 20 20:17593
17 18 18:17823
17 18 17:15783
20 19 19:17957
16 17 17:14622
18 19 18:17612
18 19 19:19075
21 20 20:14774
20 21 20:14073
20 21 21:14230
16 16 16:14923
16 16 17:14099
18 18 19:18998
18 18 17:17778
18 18 18:22038
20 19 20:15910
21 21 20:14231
21 21 21:15252
19 19 18:19077
20 20 21:14807
20 20 20:19715
19 19 19:22315
17 16 16:14037
17 16 17:13990
18 17 18:16803
19 19 20:17885
18 17 17:17365
20 20 19:17674
18 18 19 19:17335
20 19 19 19:16563
18 19 18 18:16086
19 20 19 19:15488
18 19 18 19:14371
19 18 18 19:15635
17 17 18 18:15938
17 18 17 17:14205
18 17 17 18:14706
18 18 18 17:16363
19 19 20 20:16068
20 20 20 19:16101
18 18 18 18:20446
20 19 19 20:14183
18 18 18 19:17445
21 21 21 21:13998
19 20 20 19:14938
18 19 19 19:17533
18 19 19 18:15729
19 20 20 20:16088
17 17 17 17:17669
19 19 18 18:17320
17 17 17 18:15738
19 19 18 19:16080
20 20 20 20:18260
19 19 20 19:15508
17 18 18 18:16424
17 18 18 17:14128
18 18 17 17:15919
18 18 17 18:15387
18 17 18 18:15409
19 19 19 20:16523
20 19 20 20:14451
19 18 19 18:14478
19 18 19 19:16076
19 19 19 19:20748
18 17 17 17:15734
20 20 19 19:16116
17 17 18 17:14247
19 19 19 18:17541
19 18 18 18:17543
18 18 19 18:16081
20 20 19 20:14412
18 19 19 18 18:14223
18 17 18 18 18:14172
19 19 19 20 19:14281
20 20 20 20 19:14653
19 19 18 19 19:14647
18 18 17 18 18:14049
19 19 19 18 19:14676
17 17 18 18 18:14621
19 19 19 18 18:15800
18 18 18 17 17:14589
20 20 20 20 20:16913
18 18 18 17 18:14081
19 19 20 19 19:14163
20 20 19 19 19:14735
20 19 19 19 19:15235
19 19 19 20 20:14742
19 20 20 20 20:14712
18 17 17 17 17:14373
19 20 19 19 19:14199
17 17 17 17 18:14347
17 17 17 17 17:16223
19 18 18 19 19:14118
18 18 18 19 19:15804
18 18 19 18 18:14623
18 18 18 19 18:14692
18 19 18 18 18:14704
20 20 20 19 19:14570
19 19 19 19 18:16104
18 19 19 19 18:14123
18 19 19 19 19:16124
19 19 20 20 20:14618
19 19 18 18 18:15819
17 17 17 18 18:14379
19 19 18 18 19:14112
18 18 17 17 17:14338
19 19 19 19 19:19316
18 18 18 18 17:15067
18 18 19 19 19:15826
18 18 18 18 18:19017
17 18 18 18 18:15141
19 18 19 19 19:14742
19 19 19 19 20:15207
18 18 19 19 18:14243
18 18 18 18 19:15993
19 18 18 18 19:13988
19 18 18 18 18:16054
19 19 19 19 19 20:13974
18 18 18 18 19 19:14393
19 19 19 19 19 19:17932
19 18 18 18 18 18:14672
19 19 19 19 19 18:14831
19 19 19 18 18 18:14330
20 20 20 20 20 20:15634
17 17 17 17 17 17:14896
18 18 19 19 19 19:14452
18 19 19 19 19 19:14776
19 19 18 18 18 18:14361
18 18 18 18 18 19:14656
18 18 18 18 18 18:17613
20 19 19 19 19 19:13947
19 19 19 19 18 18:14432
18 18 18 19 19 19:14350
18 18 18 18 18 18 18:16281
19 19 19 19 19 19 19:16599
20 20 20 20 20 20 20:14400
18 18 18 18 18 18 18 18:14973
19 19 19 19 19 19 19 19:15279
19 19 19 19 19 19 19 19 19:14067
