16:18394
17:22766
18:25615
19:26014
20:23280
21:18409
16 17:15895
16 16:16457
18 18:23703
18 19:20766
19 18:20819
17 16:15955
21 21:16640
20 19:19515
21 20:15971
17 18:19308
17 17:20783
19 19:24043
18 17:19287
20 20:21335
20 21:15931
19 20:19464
21 20 20:14774
19 18 18:19047
19 18 19:17609
17 17 18:17350
17 17 17:19095
16 16 16:14923
18 18 19:18998
18 18 17:17778
18 18 18:22038
20 19 20:15910
19 20 19:16915
21 21 21:15252
19 19 18:19077
19 20 20:17593
20 20 21:14807
20 20 20:19715
19 19 19:22315
17 18 18:17823
17 18 17:15783
20 19 19:17957
18 17 18:16803
18 19 18:17612
18 19 19:19075
19 19 20:17885
18 17 17:17365
20 20 19:17674
18 18 19 19:17335
20 19 19 19:16563
18 19 18 18:16086
19 20 19 19:15488
19 18 18 19:15635
17 17 18 18:15938
18 18 18 17:16363
19 19 20 20:16068
20 20 20 19:16101
18 18 18 18:20446
18 18 18 19:17445
19 20 20 19:14938
18 19 19 19:17533
18 19 19 18:15729
19 20 20 20:16088
17 17 17 17:17669
19 19 18 18:17320
17 17 17 18:15738
19 19 18 19:16080
20 20 20 20:18260
19 19 20 19:15508
17 18 18 18:16424
18 18 17 17:15919
18 18 17 18:15387
18 17 18 18:15409
19 19 19 20:16523
19 18 19 19:16076
19 19 19 19:20748
18 17 17 17:15734
20 20 19 19:16116
19 19 19 18:17541
19 18 18 18:17543
18 18 19 18:16081
19 19 19 18 18:15800
20 20 20 20 20:16913
20 19 19 19 19:15235
17 17 17 17 17:16223
18 18 18 19 19:15804
19 19 19 19 18:16104
18 19 19 19 19:16124
19 19 18 18 18:15819
19 19 19 19 19:19316
18 18 18 18 17:15067
18 18 19 19 19:15826
18 18 18 18 18:19017
17 18 18 18 18:15141
19 19 19 19 20:15207
18 18 18 18 19:15993
19 18 18 18 18:16054
18 19 19 19 19 19:14776
20 20 20 20 20 20:15634
17 17 17 17 17 17:14896
19 19 19 19 19 18:14831
18 18 18 18 18 18:17613
19 19 19 19 19 19:17932
19 19 19 19 19 19 19:16599
18 18 18 18 18 18 18:16281
18 18 18 18 18 18 18 18:14973
19 19 19 19 19 19 19 19:15279
